[main]
nbPredictions=3
height=512
width=512
[0]
x=283.98432540893555
y=35.9046745300293
[1]
x=283.98154640197754
y=80.24564361572266
[2]
x=220.07659149169922
y=204.08700942993164
[3]
x=208.25008010864258
y=104.22247695922852
